353544562832329
353914472832323

869722049407702

869722049777708

353325112478825
353325112478833


355080101054669
355081101054667

355039103868849
355040103868847

357088107976999
357089107976997


864807040652938
864807040652920


352631116920048
352632116920046


356266111974207
356267111974205

358382104711577
358383104711575

868598033205604
868598033240619

354075092823271





356259104655008 

356260104655006

862189036432050 

862189036456067

359828100432948
359829100432946

358334082083859
000000000000000


351692095955612
351693095955610


352639112392898
352640112392896

358382103245528
358383103245526
